4, 2.73781418800354
8, 2.4551751613616943
10, 2.742802858352661
14, 2.696822166442871
17, 2.534512996673584
19, 2.5670108795166016
21, 2.862839698791504
23, 2.4567978382110596
25, 2.8322689533233643
27, 2.7932655811309814
29, 2.6904563903808594
31, 2.8380179405212402
33, 2.9526493549346924
35, 2.6848268508911133
37, 2.6548690795898438
39, 3.083880662918091
41, 3.059492349624634
43, 2.9969468116760254
45, 3.1097280979156494
47, 3.090451240539551
49, 3.037146806716919
51, 2.9294941425323486
53, 2.8396666049957275
55, 3.141552686691284
57, 3.59468936920166
59, 3.425603151321411
61, 3.9998152256011963
62, 2.630539894104004
64, 3.6294641494750977
66, 4.041054725646973
68, 5.0365118980407715
69, 2.5367050170898438
70, 3.5520739555358887
72, 5.353818416595459
73, 2.5477664470672607
74, 3.384720802307129
75, 2.514582395553589
76, 4.344346046447754
77, 3.546387195587158
78, 5.237085819244385
79, 3.6791610717773438
80, 5.793915271759033
81, 4.297194004058838
82, 4.188449382781982
83, 3.0703251361846924
84, 4.005157470703125
85, 2.88279128074646
86, 3.6866917610168457
87, 2.4072792530059814
88, 3.591055154800415
89, 3.092905282974243
90, 3.53989577293396
92, 6.85491943359375
93, 4.48015022277832
94, 6.110866069793701
95, 3.4187142848968506
96, 4.541201114654541
97, 3.6212282180786133
98, 4.38792610168457
99, 3.1072311401367188
100, 5.576765537261963
101, 3.78127384185791
102, 4.954753398895264
104, 4.046622276306152
106, 4.168581485748291
108, 4.768094539642334
110, 4.187369346618652
112, 4.385340213775635
114, 4.568624019622803
116, 4.623744010925293
118, 4.83610725402832
120, 4.896674156188965
122, 4.492491722106934
124, 3.958875894546509
126, 4.020506381988525
128, 4.211409091949463
130, 4.026486873626709
132, 3.790395975112915
134, 4.008702754974365
136, 4.161463260650635
138, 4.186938285827637
140, 4.29685115814209
142, 4.618236064910889
144, 3.9764435291290283
146, 3.7901017665863037
148, 3.75948166847229
150, 3.370598793029785
152, 3.2929513454437256
154, 3.446950912475586
156, 4.129199981689453
158, 4.3835577964782715
160, 5.083462238311768
162, 5.228122711181641
164, 4.844079971313477
166, 5.142221927642822
168, 5.642033100128174
169, 2.53865385055542
170, 3.2229390144348145
172, 5.904616355895996
174, 5.854433536529541
176, 5.868341445922852
178, 6.070517539978027
179, 2.6025192737579346
180, 4.107593536376953
181, 2.6116111278533936
182, 3.85476016998291
183, 2.843599557876587
184, 4.42506742477417
185, 3.4641964435577393
186, 5.613039016723633
187, 3.298893928527832
188, 4.654150485992432
189, 3.1141273975372314
190, 4.491260051727295
191, 2.6910901069641113
192, 3.836392641067505
193, 2.40552020072937
194, 3.513697624206543
195, 2.487128257751465
196, 3.540707588195801
197, 2.4045937061309814
198, 3.0436184406280518
200, 4.623993873596191
202, 4.737541198730469
204, 3.922642707824707
206, 3.213709831237793
208, 3.9261932373046875
210, 4.359882831573486
212, 4.800051212310791
214, 6.320727825164795
215, 3.2723703384399414
216, 3.769787311553955
218, 4.669064998626709
220, 4.169515609741211
222, 4.398252964019775
224, 4.31651496887207
226, 4.329649448394775
228, 3.555163621902466
230, 3.4953885078430176
232, 3.6145405769348145
234, 3.7216296195983887
236, 3.9901649951934814
238, 3.7793779373168945
240, 3.9569973945617676
242, 3.594194173812866
244, 3.4208099842071533
246, 3.0906879901885986
248, 3.114983081817627
250, 3.101076364517212
252, 3.037540912628174
254, 2.7289276123046875
256, 2.7103397846221924
258, 2.4176025390625
261, 3.337728261947632
264, 3.682061195373535
266, 2.401458263397217
268, 2.4109508991241455
270, 2.6673223972320557
272, 2.943211078643799
274, 3.075578451156616
276, 3.0426533222198486
278, 3.069594621658325
280, 3.21512508392334
282, 3.5207600593566895
284, 3.831598997116089
286, 4.288183689117432
287, 2.497035503387451
288, 3.4013309478759766
290, 3.4662058353424072
292, 4.294904708862305
294, 3.6989238262176514
296, 4.779390811920166
298, 4.922321796417236
300, 4.719185829162598
302, 4.307747840881348
304, 4.059669494628906
306, 3.1635546684265137
308, 3.57442569732666
310, 3.6707332134246826
312, 3.7197325229644775
314, 3.5788557529449463
316, 3.6732380390167236
318, 5.097853183746338
319, 3.1633410453796387
320, 3.993056535720825
322, 5.096350193023682
324, 5.853472709655762
325, 2.7618703842163086
326, 4.943228244781494
327, 3.6139824390411377
328, 5.869283199310303
329, 3.491130828857422
330, 4.407312393188477
332, 5.340142250061035
334, 6.141477108001709
335, 2.7213032245635986
336, 4.516783237457275
337, 3.711299180984497
338, 4.7899298667907715
339, 2.677506685256958
340, 3.388148546218872
341, 2.4560348987579346
342, 3.3365015983581543
343, 2.4032647609710693
344, 3.6767375469207764
345, 2.6123547554016113
346, 3.83359694480896
347, 2.666640520095825
348, 5.301088809967041
349, 4.519333839416504
350, 6.239016056060791
351, 4.34486198425293
352, 4.812749862670898
353, 2.5634262561798096
354, 3.245541572570801
356, 4.462017059326172
358, 5.672553062438965
359, 2.7344768047332764
360, 4.2212982177734375
361, 2.755789041519165
362, 3.850987434387207
363, 2.751103639602661
364, 3.9799962043762207
365, 2.9709417819976807
366, 4.609877586364746
367, 3.083815336227417
368, 4.984775066375732
369, 3.3938217163085938
370, 5.9481072425842285
371, 4.678164958953857
372, 6.44077730178833
373, 4.05778169631958
374, 3.8327653408050537
376, 4.565847873687744
378, 4.585100173950195
380, 5.315653324127197
382, 4.832871437072754
384, 3.437040090560913
386, 2.840486526489258
388, 2.980501413345337
390, 2.698817014694214
392, 2.9320781230926514
394, 3.0682449340820312
396, 3.390141248703003
398, 3.7124345302581787
400, 4.247441291809082
402, 4.607822418212891
404, 5.119085788726807
406, 4.865971565246582
408, 4.834712028503418
410, 5.65934944152832
412, 5.733377933502197
413, 2.4848740100860596
414, 3.8238420486450195
416, 6.870498180389404
417, 2.472259998321533
418, 3.703646421432495
420, 5.880476951599121
421, 2.4426841735839844
422, 3.774472236633301
424, 4.54248046875
426, 4.409818172454834
428, 4.956014156341553
429, 2.5943853855133057
430, 3.3171801567077637
431, 2.7606117725372314
432, 4.121009826660156
433, 3.385399341583252
434, 5.343649387359619
435, 5.34170389175415
436, 6.25437593460083
437, 4.677905559539795
438, 3.142232656478882
440, 4.05809211730957
442, 4.606818199157715
444, 3.669238567352295
446, 3.346529722213745
448, 3.5476980209350586
450, 4.331950664520264
452, 5.006481647491455
454, 5.012176513671875
455, 2.7785568237304688
456, 3.8062641620635986
458, 4.454984188079834
460, 3.9608209133148193
462, 2.7292463779449463
464, 2.7574691772460938
466, 2.838094711303711
468, 3.0341827869415283
470, 3.3141398429870605
472, 2.9632694721221924
474, 3.026344060897827
476, 3.147516965866089
478, 3.292696237564087
480, 3.2220418453216553
482, 3.4379708766937256
484, 3.6776657104492188
486, 3.4615015983581543
488, 3.708635091781616
490, 3.843999147415161
492, 3.5635087490081787
494, 3.2921574115753174
496, 3.057244062423706
498, 3.186938524246216
500, 3.4885342121124268
502, 3.216113805770874
504, 3.2944347858428955
506, 3.484138011932373
508, 4.113696098327637
510, 4.134267330169678
512, 3.7129907608032227
514, 3.550727128982544
516, 3.376136541366577
518, 3.1112399101257324
520, 2.8013315200805664
522, 2.57322359085083
524, 2.5550756454467773
527, 3.070079803466797
530, 3.542527914047241
532, 2.6773734092712402
534, 2.943805694580078
536, 2.90316104888916
538, 3.210750102996826
540, 2.4325571060180664
544, 3.053241491317749
547, 2.7339894771575928
550, 3.679093360900879
552, 2.625260591506958
554, 2.8617424964904785
557, 2.637200117111206
560, 2.551938772201538
563, 2.65755033493042
566, 3.4363603591918945
568, 2.51989483833313
570, 4.030313968658447
571, 3.181521415710449
572, 6.337663650512695
573, 5.322429180145264
574, 7.527243614196777
575, 5.805947303771973
576, 7.279191970825195
577, 5.249447822570801
578, 7.210812091827393
579, 4.941451072692871
580, 7.500923156738281
581, 4.564115047454834
582, 6.744072914123535
583, 3.84963059425354
584, 5.368910312652588
585, 3.1284420490264893
586, 3.74334454536438
588, 5.130064487457275
590, 4.4694905281066895
592, 4.033684730529785
594, 3.6427862644195557
596, 4.134326457977295
598, 4.433302402496338
600, 4.5643439292907715
602, 5.6753973960876465
603, 3.5843472480773926
604, 3.749218463897705
606, 3.4830169677734375
608, 3.880498170852661
610, 4.348877429962158
611, 2.618535280227661
612, 2.466954231262207
614, 3.126540422439575
616, 4.14475679397583
618, 4.954676151275635
620, 5.026637077331543
622, 6.993502616882324
623, 4.100416660308838
624, 5.567890644073486
625, 4.257650852203369
626, 5.099380016326904
627, 4.041664123535156
628, 5.992670059204102
629, 5.251556873321533
630, 5.155037879943848
631, 3.9328927993774414
632, 5.021299362182617
633, 4.030777931213379
634, 4.296968936920166
635, 3.0179638862609863
636, 3.358534574508667
637, 2.6102135181427
638, 2.880584239959717
640, 4.502986431121826
642, 4.186655521392822
644, 3.9686644077301025
646, 4.884814739227295
648, 5.210072040557861
649, 2.5136184692382812
650, 4.076249122619629
651, 2.863189458847046
652, 4.094677448272705
653, 2.5719528198242188
654, 3.486924886703491
655, 2.696190357208252
656, 3.701930522918701
